 
 function f=myfun(x)
y1=0.5822*exp(-((x-2.042)/0.763).^2);
y2=0.4668*exp(-((x+0.9841)/1.481).^2);
 f=y1-y2;
